Year Mon Day DOY hour Heit(km) Lat  Lon Oden(cm-3) N2den(cm-3) O2den(cm-3) air(gm/cm3) T(K) exoT(K) Heden(cm-3)Arden(cm-3) Hden(cm-3) Nden(cm-3) F107 F107a apdaily  ap0-3 ap3-6 ap6-9 ap9-12 ap12-33 ap33-59
2025  1  1   1  0.00   50.0   69.3   16.0  9.999E-38  1.024E+16  2.746E+15 6.303E-07  252.8  1394  6.819E+10  1.224E+14  9.999E-38  9.999E-38  217.6  192.5   82.9   27.0   27.0   27.0   27.0    5.0    4.9
2025  1  1   1  0.00   51.0   69.3   16.0  5.040E+07  8.957E+15  2.402E+15 5.514E-07  252.9  1394  5.965E+10  1.070E+14  9.999E-38  9.999E-38  217.6  192.5   82.9   27.0   27.0   27.0   27.0    5.0    4.9
2025  1  1   1  0.00   52.0   69.3   16.0  4.915E+07  7.832E+15  2.100E+15 4.821E-07  253.2  1394  5.216E+10  9.360E+13  9.999E-38  9.999E-38  217.6  192.5   82.9   27.0   27.0   27.0   27.0    5.0    4.9
2025  1  1   1  0.00   53.0   69.3   16.0  4.751E+07  6.849E+15  1.837E+15 4.216E-07  253.5  1394  4.561E+10  8.185E+13  9.999E-38  9.999E-38  217.6  192.5   82.9   27.0   27.0   27.0   27.0    5.0    4.9
2025  1  1   1  0.00   54.0   69.3   16.0  4.604E+07  5.991E+15  1.607E+15 3.688E-07  253.7  1394  3.990E+10  7.161E+13  9.999E-38  9.999E-38  217.6  192.5   82.9   27.0   27.0   27.0   27.0    5.0    4.9
2025  1  1   1  0.00   55.0   69.3   16.0  4.523E+07  5.245E+15  1.406E+15 3.229E-07  253.9  1394  3.493E+10  6.268E+13  9.999E-38  9.999E-38  217.6  192.5   82.9   27.0   27.0   27.0   27.0    5.0    4.9
2025  1  1   1  0.00   56.0   69.3   16.0  4.554E+07  4.596E+15  1.232E+15 2.829E-07  253.8  1394  3.061E+10  5.493E+13  9.999E-38  9.999E-38  217.6  192.5   82.9   27.0   27.0   27.0   27.0    5.0    4.9
2025  1  1   1  0.00   57.0   69.3   16.0  4.710E+07  4.031E+15  1.081E+15 2.481E-07  253.4  1394  2.684E+10  4.817E+13  9.999E-38  9.999E-38  217.6  192.5   82.9   27.0   27.0   27.0   27.0    5.0    4.9
2025  1  1   1  0.00   58.0   69.3   16.0  4.983E+07  3.538E+15  9.487E+14 2.178E-07  252.8  1394  2.356E+10  4.228E+13  9.999E-38  9.999E-38  217.6  192.5   82.9   27.0   27.0   27.0   27.0    5.0    4.9
2025  1  1   1  0.00   59.0   69.3   16.0  5.375E+07  3.107E+15  8.332E+14 1.913E-07  252.0  1394  2.069E+10  3.713E+13  9.999E-38  9.999E-38  217.6  192.5   82.9   27.0   27.0   27.0   27.0    5.0    4.9
2025  1  1   1  0.00   60.0   69.3   16.0  5.886E+07  2.730E+15  7.320E+14 1.680E-07  250.9  1394  1.818E+10  3.262E+13  9.999E-38  9.999E-38  217.6  192.5   82.9   27.0   27.0   27.0   27.0    5.0    4.9
2025  1  1   1  0.00   61.0   69.3   16.0  6.520E+07  2.399E+15  6.433E+14 1.477E-07  249.7  1394  1.597E+10  2.867E+13  9.999E-38  9.999E-38  217.6  192.5   82.9   27.0   27.0   27.0   27.0    5.0    4.9
2025  1  1   1  0.00   62.0   69.3   16.0  7.300E+07  2.108E+15  5.652E+14 1.297E-07  248.3  1394  1.404E+10  2.519E+13  9.999E-38  9.999E-38  217.6  192.5   82.9   27.0   27.0   27.0   27.0    5.0    4.9
2025  1  1   1  0.00   63.0   69.3   16.0  8.279E+07  1.850E+15  4.962E+14 1.139E-07  247.0  1394  1.232E+10  2.211E+13  9.999E-38  9.999E-38  217.6  192.5   82.9   27.0   27.0   27.0   27.0    5.0    4.9
2025  1  1   1  0.00   64.0   69.3   16.0  9.531E+07  1.622E+15  4.351E+14 9.988E-08  245.8  1394  1.080E+10  1.939E+13  9.999E-38  9.999E-38  217.6  192.5   82.9   27.0   27.0   27.0   27.0    5.0    4.9
2025  1  1   1  0.00   65.0   69.3   16.0  1.116E+08  1.420E+15  3.809E+14 8.744E-08  244.9  1394  9.459E+09  1.698E+13  9.999E-38  9.999E-38  217.6  192.5   82.9   27.0   27.0   27.0   27.0    5.0    4.9
2025  1  1   1  0.00   66.0   69.3   16.0  1.331E+08  1.241E+15  3.328E+14 7.640E-08  244.4  1394  8.265E+09  1.483E+13  9.999E-38  9.999E-38  217.6  192.5   82.9   27.0   27.0   27.0   27.0    5.0    4.9
2025  1  1   1  0.00   67.0   69.3   16.0  1.616E+08  1.083E+15  2.904E+14 6.666E-08  244.1  1394  7.211E+09  1.294E+13  9.999E-38  9.999E-38  217.6  192.5   82.9   27.0   27.0   27.0   27.0    5.0    4.9
2025  1  1   1  0.00   68.0   69.3   16.0  1.986E+08  9.446E+14  2.533E+14 5.815E-08  244.0  1394  6.291E+09  1.129E+13  9.999E-38  9.999E-38  217.6  192.5   82.9   27.0   27.0   27.0   27.0    5.0    4.9
2025  1  1   1  0.00   69.0   69.3   16.0  2.454E+08  8.247E+14  2.212E+14 5.077E-08  243.6  1394  5.492E+09  9.856E+12  9.999E-38  9.999E-38  217.6  192.5   82.9   27.0   27.0   27.0   27.0    5.0    4.9
2025  1  1   1  0.00   70.0   69.3   16.0  3.033E+08  7.213E+14  1.934E+14 4.440E-08  242.6  1394  4.804E+09  8.621E+12  9.999E-38  9.999E-38  217.6  192.5   82.9   27.0   27.0   27.0   27.0    5.0    4.9
2025  1  1   1  0.00   71.0   69.3   16.0  3.730E+08  6.325E+14  1.696E+14 3.893E-08  240.9  1394  4.212E+09  7.559E+12  9.999E-38  9.999E-38  217.6  192.5   82.9   27.0   27.0   27.0   27.0    5.0    4.9
2025  1  1   1  0.00   72.0   69.3   16.0  4.578E+08  5.557E+14  1.490E+14 3.421E-08  238.5  1394  3.701E+09  6.642E+12  9.999E-38  9.999E-38  217.6  192.5   82.9   27.0   27.0   27.0   27.0    5.0    4.9
2025  1  1   1  0.00   73.0   69.3   16.0  5.702E+08  4.885E+14  1.310E+14 3.007E-08  235.6  1394  3.253E+09  5.838E+12  9.999E-38  9.999E-38  217.6  192.5   82.9   27.0   27.0   27.0   27.0    5.0    4.9
2025  1  1   1  0.00   74.0   69.3   16.0  7.330E+08  4.289E+14  1.150E+14 2.640E-08  232.6  1394  2.856E+09  5.126E+12  9.999E-38  9.999E-38  217.6  192.5   82.9   27.0   27.0   27.0   27.0    5.0    4.9
2025  1  1   1  0.00   75.0   69.3   16.0  9.896E+08  3.757E+14  1.007E+14 2.313E-08  229.8  1394  2.502E+09  4.490E+12  9.999E-38  9.999E-38  217.6  192.5   82.9   27.0   27.0   27.0   27.0    5.0    4.9
2025  1  1   1  0.00   76.0   69.3   16.0  1.427E+09  3.279E+14  8.792E+13 2.018E-08  227.4  1394  2.184E+09  3.919E+12  1.261E+07  9.999E-38  217.6  192.5   82.9   27.0   27.0   27.0   27.0    5.0    4.9
2025  1  1   1  0.00   77.0   69.3   16.0  2.222E+09  2.851E+14  7.646E+13 1.755E-08  225.6  1394  1.901E+09  3.408E+12  2.477E+07  9.999E-38  217.6  192.5   82.9   27.0   27.0   27.0   27.0    5.0    4.9
2025  1  1   1  0.00   78.0   69.3   16.0  3.716E+09  2.474E+14  6.634E+13 1.523E-08  224.2  1394  1.654E+09  2.957E+12  3.866E+07  9.999E-38  217.6  192.5   82.9   27.0   27.0   27.0   27.0    5.0    4.9
2025  1  1   1  0.00   79.0   69.3   16.0  6.644E+09  2.144E+14  5.750E+13 1.320E-08  222.7  1394  1.439E+09  2.563E+12  5.123E+07  9.999E-38  217.6  192.5   82.9   27.0   27.0   27.0   27.0    5.0    4.9
2025  1  1   1  0.00   80.0   69.3   16.0  1.263E+10  1.858E+14  4.983E+13 1.144E-08  221.1  1394  1.255E+09  2.221E+12  6.043E+07  9.999E-38  217.6  192.5   82.9   27.0   27.0   27.0   27.0    5.0    4.9
2025  1  1   1  0.00   81.0   69.3   16.0  2.536E+10  1.612E+14  4.323E+13 9.924E-09  219.0  1394  1.096E+09  1.926E+12  6.566E+07  9.999E-38  217.6  192.5   82.9   27.0   27.0   27.0   27.0    5.0    4.9
2025  1  1   1  0.00   82.0   69.3   16.0  5.277E+10  1.399E+14  3.753E+13 8.616E-09  216.4  1394  9.600E+08  1.673E+12  6.732E+07  9.999E-38  217.6  192.5   82.9   27.0   27.0   27.0   27.0    5.0    4.9
2025  1  1   1  0.00   83.0   69.3   16.0  1.071E+11  1.214E+14  3.256E+13 7.477E-09  213.6  1394  8.418E+08  1.451E+12  6.614E+07  9.999E-38  217.6  192.5   82.9   27.0   27.0   27.0   27.0    5.0    4.9
2025  1  1   1  0.00   84.0   69.3   16.0  1.984E+11  1.051E+14  2.819E+13 6.477E-09  210.8  1394  7.378E+08  1.256E+12  6.296E+07  9.999E-38  217.6  192.5   82.9   27.0   27.0   27.0   27.0    5.0    4.9
2025  1  1   1  0.00   85.0   69.3   16.0  3.141E+11  9.073E+13  2.433E+13 5.593E-09  208.3  1394  6.457E+08  1.084E+12  5.851E+07  9.999E-38  217.6  192.5   82.9   27.0   27.0   27.0   27.0    5.0    4.9
2025  1  1   1  0.00   86.0   69.3   16.0  3.979E+11  7.797E+13  2.090E+13 4.810E-09  206.4  1394  5.636E+08  9.315E+11  5.349E+07  9.999E-38  217.6  192.5   82.9   27.0   27.0   27.0   27.0    5.0    4.9
2025  1  1   1  0.00   87.0   69.3   16.0  4.370E+11  6.669E+13  1.787E+13 4.116E-09  205.2  1394  4.915E+08  7.959E+11  4.840E+07  9.999E-38  217.6  192.5   82.9   27.0   27.0   27.0   27.0    5.0    4.9
2025  1  1   1  0.00   88.0   69.3   16.0  4.676E+11  5.685E+13  1.521E+13 3.510E-09  204.6  1394  4.294E+08  6.772E+11  4.353E+07  9.999E-38  217.6  192.5   82.9   27.0   27.0   27.0   27.0    5.0    4.9
2025  1  1   1  0.00   89.0   69.3   16.0  4.891E+11  4.836E+13  1.292E+13 2.987E-09  204.4  1394  3.762E+08  5.745E+11  3.904E+07  9.999E-38  217.6  192.5   82.9   27.0   27.0   27.0   27.0    5.0    4.9
2025  1  1   1  0.00   90.0   69.3   16.0  5.017E+11  4.108E+13  1.096E+13 2.539E-09  204.5  1394  3.310E+08  4.864E+11  3.499E+07  9.999E-38  217.6  192.5   82.9   27.0   27.0   27.0   27.0    5.0    4.9
2025  1  1   1  0.00   91.0   69.3   16.0  5.060E+11  3.490E+13  9.291E+12 2.158E-09  204.6  1394  2.926E+08  4.115E+11  3.140E+07  9.999E-38  217.6  192.5   82.9   27.0   27.0   27.0   27.0    5.0    4.9
2025  1  1   1  0.00   92.0   69.3   16.0  5.030E+11  2.966E+13  7.876E+12 1.835E-09  204.5  1394  2.602E+08  3.481E+11  2.826E+07  5.010E+03  217.6  192.5   82.9   27.0   27.0   27.0   27.0    5.0    4.9
2025  1  1   1  0.00   93.0   69.3   16.0  4.935E+11  2.524E+13  6.681E+12 1.562E-09  204.2  1394  2.329E+08  2.947E+11  2.553E+07  6.039E+03  217.6  192.5   82.9   27.0   27.0   27.0   27.0    5.0    4.9
2025  1  1   1  0.00   94.0   69.3   16.0  4.787E+11  2.152E+13  5.674E+12 1.332E-09  203.5  1394  2.099E+08  2.498E+11  2.316E+07  7.205E+03  217.6  192.5   82.9   27.0   27.0   27.0   27.0    5.0    4.9
2025  1  1   1  0.00   95.0   69.3   16.0  4.593E+11  1.838E+13  4.821E+12 1.137E-09  202.3  1394  1.905E+08  2.119E+11  2.109E+07  8.525E+03  217.6  192.5   82.9   27.0   27.0   27.0   27.0    5.0    4.9
2025  1  1   1  0.00   96.0   69.3   16.0  4.360E+11  1.570E+13  4.092E+12 9.714E-10  200.8  1394  1.739E+08  1.793E+11  1.923E+07  1.002E+04  217.6  192.5   82.9   27.0   27.0   27.0   27.0    5.0    4.9
2025  1  1   1  0.00   97.0   69.3   16.0  4.092E+11  1.341E+13  3.466E+12 8.287E-10  199.2  1394  1.596E+08  1.513E+11  1.754E+07  1.171E+04  217.6  192.5   82.9   27.0   27.0   27.0   27.0    5.0    4.9
2025  1  1   1  0.00   98.0   69.3   16.0  3.795E+11  1.143E+13  2.926E+12 7.055E-10  197.7  1394  1.471E+08  1.271E+11  1.600E+07  1.361E+04  217.6  192.5   82.9   27.0   27.0   27.0   27.0    5.0    4.9
2025  1  1   1  0.00   99.0   69.3   16.0  3.478E+11  9.715E+12  2.460E+12 5.989E-10  196.5  1394  1.359E+08  1.063E+11  1.459E+07  1.573E+04  217.6  192.5   82.9   27.0   27.0   27.0   27.0    5.0    4.9
2025  1  1   1  0.00  100.0   69.3   16.0  3.154E+11  8.236E+12  2.059E+12 5.068E-10  195.8  1394  1.260E+08  8.844E+10  1.328E+07  1.809E+04  217.6  192.5   82.9   27.0   27.0   27.0   27.0    5.0    4.9
2025  1  1   1  0.00  101.0   69.3   16.0  2.838E+11  6.959E+12  1.715E+12 4.272E-10  195.7  1394  1.170E+08  7.314E+10  1.207E+07  2.070E+04  217.6  192.5   82.9   27.0   27.0   27.0   27.0    5.0    4.9
2025  1  1   1  0.00  102.0   69.3   16.0  2.540E+11  5.859E+12  1.420E+12 3.587E-10  196.3  1394  1.089E+08  6.013E+10  1.095E+07  2.358E+04  217.6  192.5   82.9   27.0   27.0   27.0   27.0    5.0    4.9
2025  1  1   1  0.00  103.0   69.3   16.0  2.264E+11  4.914E+12  1.169E+12 3.000E-10  197.9  1394  1.013E+08  4.914E+10  9.903E+06  2.675E+04  217.6  192.5   82.9   27.0   27.0   27.0   27.0    5.0    4.9
2025  1  1   1  0.00  104.0   69.3   16.0  2.013E+11  4.105E+12  9.579E+11 2.499E-10  200.8  1394  9.430E+07  3.993E+10  8.930E+06  3.019E+04  217.6  192.5   82.9   27.0   27.0   27.0   27.0    5.0    4.9
2025  1  1   1  0.00  105.0   69.3   16.0  1.783E+11  3.418E+12  7.806E+11 2.073E-10  205.1  1394  8.769E+07  3.231E+10  8.024E+06  3.386E+04  217.6  192.5   82.9   27.0   27.0   27.0   27.0    5.0    4.9
2025  1  1   1  0.00  106.0   69.3   16.0  1.575E+11  2.839E+12  6.339E+11 1.717E-10  210.9  1394  8.152E+07  2.608E+10  7.190E+06  3.777E+04  217.6  192.5   82.9   27.0   27.0   27.0   27.0    5.0    4.9
2025  1  1   1  0.00  107.0   69.3   16.0  1.389E+11  2.356E+12  5.138E+11 1.420E-10  218.2  1394  7.577E+07  2.102E+10  6.429E+06  4.194E+04  217.6  192.5   82.9   27.0   27.0   27.0   27.0    5.0    4.9
2025  1  1   1  0.00  108.0   69.3   16.0  1.223E+11  1.956E+12  4.162E+11 1.175E-10  227.0  1394  7.027E+07  1.695E+10  5.730E+06  4.640E+04  217.6  192.5   82.9   27.0   27.0   27.0   27.0    5.0    4.9
2025  1  1   1  0.00  109.0   69.3   16.0  1.077E+11  1.626E+12  3.373E+11 9.731E-11  237.4  1394  6.502E+07  1.369E+10  5.090E+06  5.118E+04  217.6  192.5   82.9   27.0   27.0   27.0   27.0    5.0    4.9
2025  1  1   1  0.00  110.0   69.3   16.0  9.491E+10  1.354E+12  2.738E+11 8.079E-11  249.3  1394  6.006E+07  1.109E+10  4.508E+06  5.632E+04  217.6  192.5   82.9   27.0   27.0   27.0   27.0    5.0    4.9
2025  1  1   1  0.00  111.0   69.3   16.0  8.368E+10  1.131E+12  2.229E+11 6.728E-11  262.8  1394  5.542E+07  9.019E+09  3.986E+06  6.185E+04  217.6  192.5   82.9   27.0   27.0   27.0   27.0    5.0    4.9
2025  1  1   1  0.00  112.0   69.3   16.0  7.391E+10  9.486E+11  1.822E+11 5.626E-11  277.9  1394  5.112E+07  7.369E+09  3.521E+06  6.783E+04  217.6  192.5   82.9   27.0   27.0   27.0   27.0    5.0    4.9
2025  1  1   1  0.00  113.0   69.3   16.0  6.545E+10  7.994E+11  1.496E+11 4.728E-11  294.4  1394  4.718E+07  6.057E+09  3.111E+06  7.434E+04  217.6  192.5   82.9   27.0   27.0   27.0   27.0    5.0    4.9
2025  1  1   1  0.00  114.0   69.3   16.0  5.817E+10  6.778E+11  1.237E+11 3.998E-11  312.0  1394  4.363E+07  5.013E+09  2.752E+06  8.149E+04  217.6  192.5   82.9   27.0   27.0   27.0   27.0    5.0    4.9
2025  1  1   1  0.00  115.0   69.3   16.0  5.196E+10  5.788E+11  1.029E+11 3.405E-11  330.3  1394  4.047E+07  4.183E+09  2.443E+06  8.945E+04  217.6  192.5   82.9   27.0   27.0   27.0   27.0    5.0    4.9
2025  1  1   1  0.00  116.0   69.3   16.0  4.667E+10  4.980E+11  8.636E+10 2.923E-11  349.0  1394  3.769E+07  3.520E+09  2.178E+06  9.834E+04  217.6  192.5   82.9   27.0   27.0   27.0   27.0    5.0    4.9
2025  1  1   1  0.00  117.0   69.3   16.0  4.214E+10  4.316E+11  7.299E+10 2.527E-11  368.0  1394  3.523E+07  2.986E+09  1.948E+06  1.083E+05  217.6  192.5   82.9   27.0   27.0   27.0   27.0    5.0    4.9
2025  1  1   1  0.00  118.0   69.3   16.0  3.824E+10  3.766E+11  6.213E+10 2.201E-11  387.2  1394  3.304E+07  2.552E+09  1.751E+06  1.193E+05  217.6  192.5   82.9   27.0   27.0   27.0   27.0    5.0    4.9
2025  1  1   1  0.00  119.0   69.3   16.0  3.487E+10  3.308E+11  5.325E+10 1.929E-11  406.4  1394  3.108E+07  2.197E+09  1.579E+06  1.315E+05  217.6  192.5   82.9   27.0   27.0   27.0   27.0    5.0    4.9
2025  1  1   1  0.00  120.0   69.3   16.0  3.195E+10  2.924E+11  4.594E+10 1.702E-11  425.5  1394  2.932E+07  1.905E+09  1.431E+06  1.451E+05  217.6  192.5   82.9   27.0   27.0   27.0   27.0    5.0    4.9
2025  1  1   1  0.00  121.0   69.3   16.0  2.941E+10  2.599E+11  3.988E+10 1.510E-11  444.4  1394  2.775E+07  1.662E+09  1.301E+06  1.602E+05  217.6  192.5   82.9   27.0   27.0   27.0   27.0    5.0    4.9
2025  1  1   1  0.00  122.0   69.3   16.0  2.719E+10  2.324E+11  3.482E+10 1.348E-11  463.0  1394  2.633E+07  1.458E+09  1.187E+06  1.768E+05  217.6  192.5   82.9   27.0   27.0   27.0   27.0    5.0    4.9
2025  1  1   1  0.00  123.0   69.3   16.0  2.523E+10  2.088E+11  3.058E+10 1.209E-11  481.3  1394  2.505E+07  1.287E+09  1.087E+06  1.951E+05  217.6  192.5   82.9   27.0   27.0   27.0   27.0    5.0    4.9
2025  1  1   1  0.00  124.0   69.3   16.0  2.350E+10  1.885E+11  2.699E+10 1.091E-11  499.2  1394  2.390E+07  1.142E+09  9.981E+05  2.151E+05  217.6  192.5   82.9   27.0   27.0   27.0   27.0    5.0    4.9
2025  1  1   1  0.00  125.0   69.3   16.0  2.196E+10  1.710E+11  2.394E+10 9.877E-12  516.8  1394  2.286E+07  1.019E+09  9.193E+05  2.370E+05  217.6  192.5   82.9   27.0   27.0   27.0   27.0    5.0    4.9
2025  1  1   1  0.00  126.0   69.3   16.0  2.057E+10  1.557E+11  2.133E+10 8.982E-12  533.9  1394  2.191E+07  9.127E+08  8.490E+05  2.608E+05  217.6  192.5   82.9   27.0   27.0   27.0   27.0    5.0    4.9
2025  1  1   1  0.00  127.0   69.3   16.0  1.932E+10  1.423E+11  1.907E+10 8.199E-12  550.8  1394  2.103E+07  8.210E+08  7.860E+05  2.865E+05  217.6  192.5   82.9   27.0   27.0   27.0   27.0    5.0    4.9
2025  1  1   1  0.00  128.0   69.3   16.0  1.819E+10  1.304E+11  1.712E+10 7.509E-12  567.3  1394  2.023E+07  7.413E+08  7.294E+05  3.143E+05  217.6  192.5   82.9   27.0   27.0   27.0   27.0    5.0    4.9
2025  1  1   1  0.00  129.0   69.3   16.0  1.717E+10  1.199E+11  1.542E+10 6.900E-12  583.5  1394  1.950E+07  6.716E+08  6.783E+05  3.442E+05  217.6  192.5   82.9   27.0   27.0   27.0   27.0    5.0    4.9
2025  1  1   1  0.00  130.0   69.3   16.0  1.623E+10  1.106E+11  1.393E+10 6.358E-12  599.3  1394  1.881E+07  6.105E+08  6.322E+05  3.763E+05  217.6  192.5   82.9   27.0   27.0   27.0   27.0    5.0    4.9
2025  1  1   1  0.00  131.0   69.3   16.0  1.537E+10  1.023E+11  1.262E+10 5.875E-12  614.9  1394  1.818E+07  5.565E+08  5.903E+05  4.107E+05  217.6  192.5   82.9   27.0   27.0   27.0   27.0    5.0    4.9
2025  1  1   1  0.00  132.0   69.3   16.0  1.459E+10  9.484E+10  1.147E+10 5.443E-12  630.1  1394  1.759E+07  5.087E+08  5.522E+05  4.475E+05  217.6  192.5   82.9   27.0   27.0   27.0   27.0    5.0    4.9
2025  1  1   1  0.00  133.0   69.3   16.0  1.387E+10  8.812E+10  1.045E+10 5.054E-12  645.0  1394  1.705E+07  4.662E+08  5.175E+05  4.867E+05  217.6  192.5   82.9   27.0   27.0   27.0   27.0    5.0    4.9
2025  1  1   1  0.00  134.0   69.3   16.0  1.320E+10  8.206E+10  9.547E+09 4.704E-12  659.7  1394  1.654E+07  4.283E+08  4.857E+05  5.284E+05  217.6  192.5   82.9   27.0   27.0   27.0   27.0    5.0    4.9
2025  1  1   1  0.00  135.0   69.3   16.0  1.259E+10  7.656E+10  8.740E+09 4.386E-12  674.0  1394  1.606E+07  3.943E+08  4.566E+05  5.726E+05  217.6  192.5   82.9   27.0   27.0   27.0   27.0    5.0    4.9
2025  1  1   1  0.00  136.0   69.3   16.0  1.202E+10  7.157E+10  8.018E+09 4.099E-12  688.1  1394  1.561E+07  3.638E+08  4.298E+05  6.195E+05  217.6  192.5   82.9   27.0   27.0   27.0   27.0    5.0    4.9
2025  1  1   1  0.00  137.0   69.3   16.0  1.149E+10  6.702E+10  7.372E+09 3.837E-12  701.9  1394  1.519E+07  3.362E+08  4.053E+05  6.690E+05  217.6  192.5   82.9   27.0   27.0   27.0   27.0    5.0    4.9
2025  1  1   1  0.00  138.0   69.3   16.0  1.100E+10  6.287E+10  6.791E+09 3.598E-12  715.4  1394  1.479E+07  3.114E+08  3.826E+05  7.212E+05  217.6  192.5   82.9   27.0   27.0   27.0   27.0    5.0    4.9
2025  1  1   1  0.00  139.0   69.3   16.0  1.054E+10  5.907E+10  6.267E+09 3.380E-12  728.6  1394  1.442E+07  2.888E+08  3.616E+05  7.761E+05  217.6  192.5   82.9   27.0   27.0   27.0   27.0    5.0    4.9
2025  1  1   1  0.00  140.0   69.3   16.0  1.011E+10  5.558E+10  5.795E+09 3.180E-12  741.6  1394  1.407E+07  2.684E+08  3.423E+05  8.337E+05  217.6  192.5   82.9   27.0   27.0   27.0   27.0    5.0    4.9
2025  1  1   1  0.00  141.0   69.3   16.0  9.713E+09  5.237E+10  5.367E+09 2.996E-12  754.3  1394  1.373E+07  2.497E+08  3.243E+05  8.941E+05  217.6  192.5   82.9   27.0   27.0   27.0   27.0    5.0    4.9
2025  1  1   1  0.00  142.0   69.3   16.0  9.339E+09  4.941E+10  4.979E+09 2.826E-12  766.8  1394  1.342E+07  2.327E+08  3.076E+05  9.572E+05  217.6  192.5   82.9   27.0   27.0   27.0   27.0    5.0    4.9
2025  1  1   1  0.00  143.0   69.3   16.0  8.988E+09  4.667E+10  4.626E+09 2.670E-12  779.0  1394  1.312E+07  2.172E+08  2.922E+05  1.023E+06  217.6  192.5   82.9   27.0   27.0   27.0   27.0    5.0    4.9
2025  1  1   1  0.00  144.0   69.3   16.0  8.658E+09  4.415E+10  4.304E+09 2.526E-12  791.0  1394  1.283E+07  2.030E+08  2.777E+05  1.091E+06  217.6  192.5   82.9   27.0   27.0   27.0   27.0    5.0    4.9
2025  1  1   1  0.00  145.0   69.3   16.0  8.347E+09  4.180E+10  4.011E+09 2.392E-12  802.7  1394  1.256E+07  1.900E+08  2.643E+05  1.162E+06  217.6  192.5   82.9   27.0   27.0   27.0   27.0    5.0    4.9
2025  1  1   1  0.00  146.0   69.3   16.0  8.053E+09  3.963E+10  3.743E+09 2.268E-12  814.2  1394  1.230E+07  1.780E+08  2.518E+05  1.235E+06  217.6  192.5   82.9   27.0   27.0   27.0   27.0    5.0    4.9
2025  1  1   1  0.00  147.0   69.3   16.0  7.775E+09  3.760E+10  3.497E+09 2.153E-12  825.5  1394  1.206E+07  1.670E+08  2.401E+05  1.311E+06  217.6  192.5   82.9   27.0   27.0   27.0   27.0    5.0    4.9
2025  1  1   1  0.00  148.0   69.3   16.0  7.512E+09  3.572E+10  3.272E+09 2.045E-12  836.6  1394  1.182E+07  1.568E+08  2.292E+05  1.388E+06  217.6  192.5   82.9   27.0   27.0   27.0   27.0    5.0    4.9
2025  1  1   1  0.00  149.0   69.3   16.0  7.262E+09  3.396E+10  3.064E+09 1.945E-12  847.4  1394  1.160E+07  1.474E+08  2.189E+05  1.468E+06  217.6  192.5   82.9   27.0   27.0   27.0   27.0    5.0    4.9
2025  1  1   1  0.00  150.0   69.3   16.0  7.026E+09  3.232E+10  2.874E+09 1.852E-12  858.1  1394  1.139E+07  1.387E+08  2.093E+05  1.549E+06  217.6  192.5   82.9   27.0   27.0   27.0   27.0    5.0    4.9
2025  1  1   1  0.00  151.0   69.3   16.0  6.801E+09  3.078E+10  2.698E+09 1.765E-12  868.5  1394  1.118E+07  1.307E+08  2.004E+05  1.632E+06  217.6  192.5   82.9   27.0   27.0   27.0   27.0    5.0    4.9
2025  1  1   1  0.00  152.0   69.3   16.0  6.587E+09  2.934E+10  2.536E+09 1.683E-12  878.7  1394  1.099E+07  1.232E+08  1.919E+05  1.717E+06  217.6  192.5   82.9   27.0   27.0   27.0   27.0    5.0    4.9
2025  1  1   1  0.00  153.0   69.3   16.0  6.384E+09  2.799E+10  2.386E+09 1.606E-12  888.7  1394  1.080E+07  1.163E+08  1.840E+05  1.802E+06  217.6  192.5   82.9   27.0   27.0   27.0   27.0    5.0    4.9
2025  1  1   1  0.00  154.0   69.3   16.0  6.190E+09  2.672E+10  2.247E+09 1.534E-12  898.5  1394  1.062E+07  1.098E+08  1.766E+05  1.889E+06  217.6  192.5   82.9   27.0   27.0   27.0   27.0    5.0    4.9
2025  1  1   1  0.00  155.0   69.3   16.0  6.005E+09  2.553E+10  2.118E+09 1.467E-12  908.2  1394  1.045E+07  1.038E+08  1.696E+05  1.977E+06  217.6  192.5   82.9   27.0   27.0   27.0   27.0    5.0    4.9
2025  1  1   1  0.00  156.0   69.3   16.0  5.829E+09  2.441E+10  1.999E+09 1.403E-12  917.6  1394  1.028E+07  9.815E+07  1.630E+05  2.065E+06  217.6  192.5   82.9   27.0   27.0   27.0   27.0    5.0    4.9
2025  1  1   1  0.00  157.0   69.3   16.0  5.661E+09  2.336E+10  1.888E+09 1.343E-12  926.8  1394  1.012E+07  9.290E+07  1.568E+05  2.154E+06  217.6  192.5   82.9   27.0   27.0   27.0   27.0    5.0    4.9
2025  1  1   1  0.00  158.0   69.3   16.0  5.500E+09  2.236E+10  1.785E+09 1.287E-12  935.9  1394  9.967E+06  8.800E+07  1.509E+05  2.243E+06  217.6  192.5   82.9   27.0   27.0   27.0   27.0    5.0    4.9
2025  1  1   1  0.00  159.0   69.3   16.0  5.346E+09  2.142E+10  1.689E+09 1.234E-12  944.8  1394  9.820E+06  8.340E+07  1.454E+05  2.332E+06  217.6  192.5   82.9   27.0   27.0   27.0   27.0    5.0    4.9
2025  1  1   1  0.00  160.0   69.3   16.0  5.198E+09  2.053E+10  1.600E+09 1.184E-12  953.5  1394  9.677E+06  7.910E+07  1.402E+05  2.420E+06  217.6  192.5   82.9   27.0   27.0   27.0   27.0    5.0    4.9
2025  1  1   1  0.00  161.0   69.3   16.0  5.057E+09  1.969E+10  1.516E+09 1.136E-12  962.0  1394  9.540E+06  7.507E+07  1.353E+05  2.508E+06  217.6  192.5   82.9   27.0   27.0   27.0   27.0    5.0    4.9
2025  1  1   1  0.00  162.0   69.3   16.0  4.922E+09  1.889E+10  1.438E+09 1.091E-12  970.4  1394  9.407E+06  7.128E+07  1.306E+05  2.596E+06  217.6  192.5   82.9   27.0   27.0   27.0   27.0    5.0    4.9
2025  1  1   1  0.00  163.0   69.3   16.0  4.792E+09  1.814E+10  1.365E+09 1.048E-12  978.6  1394  9.279E+06  6.772E+07  1.262E+05  2.682E+06  217.6  192.5   82.9   27.0   27.0   27.0   27.0    5.0    4.9
2025  1  1   1  0.00  164.0   69.3   16.0  4.668E+09  1.743E+10  1.297E+09 1.008E-12  986.7  1394  9.156E+06  6.437E+07  1.221E+05  2.766E+06  217.6  192.5   82.9   27.0   27.0   27.0   27.0    5.0    4.9
2025  1  1   1  0.00  165.0   69.3   16.0  4.548E+09  1.675E+10  1.233E+09 9.695E-13  994.5  1394  9.036E+06  6.122E+07  1.181E+05  2.850E+06  217.6  192.5   82.9   27.0   27.0   27.0   27.0    5.0    4.9
2025  1  1   1  0.00  166.0   69.3   16.0  4.433E+09  1.610E+10  1.173E+09 9.331E-13 1002.3  1394  8.921E+06  5.825E+07  1.144E+05  2.931E+06  217.6  192.5   82.9   27.0   27.0   27.0   27.0    5.0    4.9
2025  1  1   1  0.00  167.0   69.3   16.0  4.322E+09  1.549E+10  1.116E+09 8.985E-13 1009.9  1394  8.809E+06  5.545E+07  1.109E+05  3.011E+06  217.6  192.5   82.9   27.0   27.0   27.0   27.0    5.0    4.9
2025  1  1   1  0.00  168.0   69.3   16.0  4.216E+09  1.491E+10  1.064E+09 8.656E-13 1017.3  1394  8.701E+06  5.281E+07  1.076E+05  3.089E+06  217.6  192.5   82.9   27.0   27.0   27.0   27.0    5.0    4.9
2025  1  1   1  0.00  169.0   69.3   16.0  4.113E+09  1.435E+10  1.014E+09 8.343E-13 1024.6  1394  8.596E+06  5.032E+07  1.044E+05  3.164E+06  217.6  192.5   82.9   27.0   27.0   27.0   27.0    5.0    4.9
2025  1  1   1  0.00  170.0   69.3   16.0  4.014E+09  1.382E+10  9.671E+08 8.044E-13 1031.7  1394  8.495E+06  4.797E+07  1.014E+05  3.237E+06  217.6  192.5   82.9   27.0   27.0   27.0   27.0    5.0    4.9
2025  1  1   1  0.00  171.0   69.3   16.0  3.919E+09  1.332E+10  9.230E+08 7.760E-13 1038.7  1394  8.396E+06  4.574E+07  9.853E+04  3.307E+06  217.6  192.5   82.9   27.0   27.0   27.0   27.0    5.0    4.9
2025  1  1   1  0.00  172.0   69.3   16.0  3.827E+09  1.284E+10  8.815E+08 7.489E-13 1045.6  1394  8.301E+06  4.364E+07  9.583E+04  3.374E+06  217.6  192.5   82.9   27.0   27.0   27.0   27.0    5.0    4.9
2025  1  1   1  0.00  173.0   69.3   16.0  3.738E+09  1.238E+10  8.423E+08 7.230E-13 1052.3  1394  8.208E+06  4.164E+07  9.325E+04  3.438E+06  217.6  192.5   82.9   27.0   27.0   27.0   27.0    5.0    4.9
2025  1  1   1  0.00  174.0   69.3   16.0  3.653E+09  1.194E+10  8.053E+08 6.983E-13 1058.9  1394  8.118E+06  3.976E+07  9.081E+04  3.500E+06  217.6  192.5   82.9   27.0   27.0   27.0   27.0    5.0    4.9
2025  1  1   1  0.00  175.0   69.3   16.0  3.570E+09  1.153E+10  7.704E+08 6.746E-13 1065.4  1394  8.031E+06  3.797E+07  8.849E+04  3.558E+06  217.6  192.5   82.9   27.0   27.0   27.0   27.0    5.0    4.9
2025  1  1   1  0.00  176.0   69.3   16.0  3.490E+09  1.113E+10  7.373E+08 6.521E-13 1071.7  1394  7.946E+06  3.627E+07  8.628E+04  3.614E+06  217.6  192.5   82.9   27.0   27.0   27.0   27.0    5.0    4.9
2025  1  1   1  0.00  177.0   69.3   16.0  3.413E+09  1.075E+10  7.060E+08 6.305E-13 1078.0  1394  7.864E+06  3.467E+07  8.417E+04  3.666E+06  217.6  192.5   82.9   27.0   27.0   27.0   27.0    5.0    4.9
2025  1  1   1  0.00  178.0   69.3   16.0  3.338E+09  1.038E+10  6.764E+08 6.098E-13 1084.1  1394  7.784E+06  3.314E+07  8.217E+04  3.714E+06  217.6  192.5   82.9   27.0   27.0   27.0   27.0    5.0    4.9
2025  1  1   1  0.00  179.0   69.3   16.0  3.265E+09  1.003E+10  6.484E+08 5.900E-13 1090.0  1394  7.706E+06  3.169E+07  8.026E+04  3.760E+06  217.6  192.5   82.9   27.0   27.0   27.0   27.0    5.0    4.9
2025  1  1   1  0.00  180.0   69.3   16.0  3.195E+09  9.694E+09  6.218E+08 5.710E-13 1095.9  1394  7.630E+06  3.032E+07  7.845E+04  3.802E+06  217.6  192.5   82.9   27.0   27.0   27.0   27.0    5.0    4.9
2025  1  1   1  0.00  181.0   69.3   16.0  3.127E+09  9.373E+09  5.966E+08 5.528E-13 1101.6  1394  7.556E+06  2.901E+07  7.672E+04  3.841E+06  217.6  192.5   82.9   27.0   27.0   27.0   27.0    5.0    4.9
2025  1  1   1  0.00  182.0   69.3   16.0  3.062E+09  9.064E+09  5.726E+08 5.354E-13 1107.3  1394  7.484E+06  2.776E+07  7.507E+04  3.877E+06  217.6  192.5   82.9   27.0   27.0   27.0   27.0    5.0    4.9
2025  1  1   1  0.00  183.0   69.3   16.0  2.998E+09  8.769E+09  5.499E+08 5.187E-13 1112.8  1394  7.414E+06  2.658E+07  7.349E+04  3.909E+06  217.6  192.5   82.9   27.0   27.0   27.0   27.0    5.0    4.9
2025  1  1   1  0.00  184.0   69.3   16.0  2.936E+09  8.485E+09  5.283E+08 5.026E-13 1118.2  1394  7.346E+06  2.546E+07  7.199E+04  3.938E+06  217.6  192.5   82.9   27.0   27.0   27.0   27.0    5.0    4.9
2025  1  1   1  0.00  185.0   69.3   16.0  2.876E+09  8.213E+09  5.077E+08 4.872E-13 1123.5  1394  7.279E+06  2.438E+07  7.056E+04  3.964E+06  217.6  192.5   82.9   27.0   27.0   27.0   27.0    5.0    4.9
2025  1  1   1  0.00  186.0   69.3   16.0  2.818E+09  7.951E+09  4.881E+08 4.723E-13 1128.7  1394  7.214E+06  2.336E+07  6.919E+04  3.987E+06  217.6  192.5   82.9   27.0   27.0   27.0   27.0    5.0    4.9
2025  1  1   1  0.00  187.0   69.3   16.0  2.761E+09  7.699E+09  4.695E+08 4.581E-13 1133.8  1394  7.151E+06  2.239E+07  6.788E+04  4.006E+06  217.6  192.5   82.9   27.0   27.0   27.0   27.0    5.0    4.9
2025  1  1   1  0.00  188.0   69.3   16.0  2.706E+09  7.458E+09  4.517E+08 4.444E-13 1138.8  1394  7.089E+06  2.146E+07  6.663E+04  4.023E+06  217.6  192.5   82.9   27.0   27.0   27.0   27.0    5.0    4.9
2025  1  1   1  0.00  189.0   69.3   16.0  2.653E+09  7.225E+09  4.348E+08 4.312E-13 1143.7  1394  7.029E+06  2.058E+07  6.544E+04  4.037E+06  217.6  192.5   82.9   27.0   27.0   27.0   27.0    5.0    4.9
2025  1  1   1  0.00  190.0   69.3   16.0  2.601E+09  7.002E+09  4.186E+08 4.185E-13 1148.6  1394  6.970E+06  1.974E+07  6.430E+04  4.048E+06  217.6  192.5   82.9   27.0   27.0   27.0   27.0    5.0    4.9
2025  1  1   1  0.00  191.0   69.3   16.0  2.551E+09  6.786E+09  4.032E+08 4.063E-13 1153.3  1394  6.912E+06  1.893E+07  6.321E+04  4.056E+06  217.6  192.5   82.9   27.0   27.0   27.0   27.0    5.0    4.9
2025  1  1   1  0.00  192.0   69.3   16.0  2.501E+09  6.579E+09  3.885E+08 3.945E-13 1157.9  1394  6.856E+06  1.817E+07  6.216E+04  4.061E+06  217.6  192.5   82.9   27.0   27.0   27.0   27.0    5.0    4.9
2025  1  1   1  0.00  193.0   69.3   16.0  2.454E+09  6.380E+09  3.744E+08 3.832E-13 1162.4  1394  6.801E+06  1.743E+07  6.116E+04  4.064E+06  217.6  192.5   82.9   27.0   27.0   27.0   27.0    5.0    4.9
2025  1  1   1  0.00  194.0   69.3   16.0  2.407E+09  6.188E+09  3.610E+08 3.722E-13 1166.9  1394  6.747E+06  1.673E+07  6.020E+04  4.065E+06  217.6  192.5   82.9   27.0   27.0   27.0   27.0    5.0    4.9
2025  1  1   1  0.00  195.0   69.3   16.0  2.362E+09  6.002E+09  3.481E+08 3.617E-13 1171.2  1394  6.695E+06  1.607E+07  5.928E+04  4.063E+06  217.6  192.5   82.9   27.0   27.0   27.0   27.0    5.0    4.9
2025  1  1   1  0.00  196.0   69.3   16.0  2.318E+09  5.824E+09  3.358E+08 3.515E-13 1175.5  1394  6.643E+06  1.543E+07  5.841E+04  4.059E+06  217.6  192.5   82.9   27.0   27.0   27.0   27.0    5.0    4.9
2025  1  1   1  0.00  197.0   69.3   16.0  2.275E+09  5.652E+09  3.240E+08 3.417E-13 1179.7  1394  6.593E+06  1.482E+07  5.756E+04  4.052E+06  217.6  192.5   82.9   27.0   27.0   27.0   27.0    5.0    4.9
2025  1  1   1  0.00  198.0   69.3   16.0  2.234E+09  5.485E+09  3.128E+08 3.322E-13 1183.8  1394  6.544E+06  1.423E+07  5.675E+04  4.044E+06  217.6  192.5   82.9   27.0   27.0   27.0   27.0    5.0    4.9
2025  1  1   1  0.00  199.0   69.3   16.0  2.193E+09  5.325E+09  3.020E+08 3.231E-13 1187.9  1394  6.495E+06  1.367E+07  5.598E+04  4.033E+06  217.6  192.5   82.9   27.0   27.0   27.0   27.0    5.0    4.9
