Year Mon Day DOY hour Heit(km) Lat  Lon Oden(cm-3) N2den(cm-3) O2den(cm-3) air(gm/cm3) T(K) exoT(K) Heden(cm-3)Arden(cm-3) Hden(cm-3) Nden(cm-3) F107 F107a apdaily  ap0-3 ap3-6 ap6-9 ap9-12 ap12-33 ap33-59
2024  7  1 183  0.00   50.0   69.3   16.0  9.999E-38  2.022E+16  5.422E+15 1.245E-06  279.8  1212  1.347E+11  2.416E+14  9.999E-38  9.999E-38  173.7  201.2    4.9    5.0    6.0    9.0   22.0   11.9   25.5
2024  7  1 183  0.00   51.0   69.3   16.0  3.547E+09  1.793E+16  4.809E+15 1.104E-06  279.7  1212  1.194E+11  2.143E+14  9.999E-38  9.999E-38  173.7  201.2    4.9    5.0    6.0    9.0   22.0   11.9   25.5
2024  7  1 183  0.00   52.0   69.3   16.0  3.929E+09  1.593E+16  4.271E+15 9.804E-07  279.2  1212  1.061E+11  1.903E+14  9.999E-38  9.999E-38  173.7  201.2    4.9    5.0    6.0    9.0   22.0   11.9   25.5
2024  7  1 183  0.00   53.0   69.3   16.0  4.198E+09  1.416E+16  3.797E+15 8.716E-07  278.4  1212  9.429E+10  1.692E+14  9.999E-38  9.999E-38  173.7  201.2    4.9    5.0    6.0    9.0   22.0   11.9   25.5
2024  7  1 183  0.00   54.0   69.3   16.0  4.387E+09  1.260E+16  3.378E+15 7.756E-07  277.1  1212  8.390E+10  1.506E+14  9.999E-38  9.999E-38  173.7  201.2    4.9    5.0    6.0    9.0   22.0   11.9   25.5
2024  7  1 183  0.00   55.0   69.3   16.0  4.548E+09  1.122E+16  3.008E+15 6.906E-07  275.5  1212  7.471E+10  1.341E+14  9.999E-38  9.999E-38  173.7  201.2    4.9    5.0    6.0    9.0   22.0   11.9   25.5
2024  7  1 183  0.00   56.0   69.3   16.0  4.740E+09  9.996E+15  2.680E+15 6.153E-07  273.6  1212  6.657E+10  1.195E+14  9.999E-38  9.999E-38  173.7  201.2    4.9    5.0    6.0    9.0   22.0   11.9   25.5
2024  7  1 183  0.00   57.0   69.3   16.0  4.966E+09  8.909E+15  2.389E+15 5.484E-07  271.3  1212  5.933E+10  1.065E+14  9.999E-38  9.999E-38  173.7  201.2    4.9    5.0    6.0    9.0   22.0   11.9   25.5
2024  7  1 183  0.00   58.0   69.3   16.0  5.187E+09  7.942E+15  2.130E+15 4.889E-07  268.7  1212  5.289E+10  9.491E+13  9.999E-38  9.999E-38  173.7  201.2    4.9    5.0    6.0    9.0   22.0   11.9   25.5
2024  7  1 183  0.00   59.0   69.3   16.0  5.352E+09  7.079E+15  1.898E+15 4.358E-07  265.8  1212  4.714E+10  8.460E+13  9.999E-38  9.999E-38  173.7  201.2    4.9    5.0    6.0    9.0   22.0   11.9   25.5
2024  7  1 183  0.00   60.0   69.3   16.0  5.407E+09  6.308E+15  1.692E+15 3.883E-07  262.7  1212  4.201E+10  7.539E+13  9.999E-38  9.999E-38  173.7  201.2    4.9    5.0    6.0    9.0   22.0   11.9   25.5
2024  7  1 183  0.00   61.0   69.3   16.0  5.304E+09  5.619E+15  1.507E+15 3.459E-07  259.3  1212  3.742E+10  6.716E+13  9.999E-38  9.999E-38  173.7  201.2    4.9    5.0    6.0    9.0   22.0   11.9   25.5
2024  7  1 183  0.00   62.0   69.3   16.0  5.075E+09  5.002E+15  1.341E+15 3.079E-07  255.7  1212  3.331E+10  5.978E+13  9.999E-38  9.999E-38  173.7  201.2    4.9    5.0    6.0    9.0   22.0   11.9   25.5
2024  7  1 183  0.00   63.0   69.3   16.0  4.804E+09  4.450E+15  1.193E+15 2.739E-07  251.8  1212  2.963E+10  5.318E+13  9.999E-38  9.999E-38  173.7  201.2    4.9    5.0    6.0    9.0   22.0   11.9   25.5
2024  7  1 183  0.00   64.0   69.3   16.0  4.570E+09  3.954E+15  1.060E+15 2.434E-07  247.7  1212  2.633E+10  4.726E+13  9.999E-38  9.999E-38  173.7  201.2    4.9    5.0    6.0    9.0   22.0   11.9   25.5
2024  7  1 183  0.00   65.0   69.3   16.0  4.435E+09  3.510E+15  9.413E+14 2.161E-07  243.4  1212  2.338E+10  4.195E+13  9.999E-38  9.999E-38  173.7  201.2    4.9    5.0    6.0    9.0   22.0   11.9   25.5
2024  7  1 183  0.00   66.0   69.3   16.0  4.454E+09  3.112E+15  8.345E+14 1.916E-07  239.0  1212  2.072E+10  3.719E+13  9.999E-38  9.999E-38  173.7  201.2    4.9    5.0    6.0    9.0   22.0   11.9   25.5
2024  7  1 183  0.00   67.0   69.3   16.0  4.606E+09  2.754E+15  7.386E+14 1.696E-07  234.3  1212  1.834E+10  3.292E+13  9.999E-38  9.999E-38  173.7  201.2    4.9    5.0    6.0    9.0   22.0   11.9   25.5
2024  7  1 183  0.00   68.0   69.3   16.0  4.772E+09  2.434E+15  6.526E+14 1.498E-07  229.5  1212  1.621E+10  2.909E+13  9.999E-38  9.999E-38  173.7  201.2    4.9    5.0    6.0    9.0   22.0   11.9   25.5
2024  7  1 183  0.00   69.0   69.3   16.0  4.816E+09  2.146E+15  5.755E+14 1.321E-07  224.5  1212  1.429E+10  2.565E+13  9.999E-38  9.999E-38  173.7  201.2    4.9    5.0    6.0    9.0   22.0   11.9   25.5
2024  7  1 183  0.00   70.0   69.3   16.0  4.604E+09  1.888E+15  5.063E+14 1.162E-07  219.5  1212  1.257E+10  2.257E+13  9.999E-38  9.999E-38  173.7  201.2    4.9    5.0    6.0    9.0   22.0   11.9   25.5
2024  7  1 183  0.00   71.0   69.3   16.0  4.055E+09  1.657E+15  4.444E+14 1.020E-07  214.3  1212  1.104E+10  1.980E+13  9.999E-38  9.999E-38  173.7  201.2    4.9    5.0    6.0    9.0   22.0   11.9   25.5
2024  7  1 183  0.00   72.0   69.3   16.0  3.286E+09  1.450E+15  3.889E+14 8.928E-08  209.0  1212  9.659E+09  1.733E+13  9.999E-38  9.999E-38  173.7  201.2    4.9    5.0    6.0    9.0   22.0   11.9   25.5
2024  7  1 183  0.00   73.0   69.3   16.0  2.540E+09  1.266E+15  3.395E+14 7.794E-08  203.6  1212  8.431E+09  1.513E+13  9.999E-38  9.999E-38  173.7  201.2    4.9    5.0    6.0    9.0   22.0   11.9   25.5
2024  7  1 183  0.00   74.0   69.3   16.0  1.946E+09  1.102E+15  2.956E+14 6.785E-08  198.0  1212  7.340E+09  1.317E+13  9.999E-38  9.999E-38  173.7  201.2    4.9    5.0    6.0    9.0   22.0   11.9   25.5
2024  7  1 183  0.00   75.0   69.3   16.0  1.537E+09  9.567E+14  2.565E+14 5.889E-08  192.2  1212  6.371E+09  1.143E+13  9.999E-38  9.999E-38  173.7  201.2    4.9    5.0    6.0    9.0   22.0   11.9   25.5
2024  7  1 183  0.00   76.0   69.3   16.0  1.301E+09  8.277E+14  2.219E+14 5.095E-08  186.2  1212  5.512E+09  9.891E+12  1.192E+07  9.999E-38  173.7  201.2    4.9    5.0    6.0    9.0   22.0   11.9   25.5
2024  7  1 183  0.00   77.0   69.3   16.0  1.210E+09  7.133E+14  1.912E+14 4.391E-08  180.0  1212  4.756E+09  8.523E+12  4.461E+07  9.999E-38  173.7  201.2    4.9    5.0    6.0    9.0   22.0   11.9   25.5
2024  7  1 183  0.00   78.0   69.3   16.0  1.233E+09  6.115E+14  1.639E+14 3.764E-08  173.9  1212  4.089E+09  7.303E+12  1.101E+08  9.999E-38  173.7  201.2    4.9    5.0    6.0    9.0   22.0   11.9   25.5
2024  7  1 183  0.00   79.0   69.3   16.0  1.372E+09  5.207E+14  1.395E+14 3.205E-08  168.0  1212  3.500E+09  6.217E+12  2.011E+08  9.999E-38  173.7  201.2    4.9    5.0    6.0    9.0   22.0   11.9   25.5
2024  7  1 183  0.00   80.0   69.3   16.0  1.660E+09  4.402E+14  1.178E+14 2.709E-08  162.5  1212  2.979E+09  5.252E+12  2.952E+08  9.999E-38  173.7  201.2    4.9    5.0    6.0    9.0   22.0   11.9   25.5
2024  7  1 183  0.00   81.0   69.3   16.0  2.174E+09  3.691E+14  9.872E+13 2.271E-08  157.4  1212  2.520E+09  4.400E+12  3.700E+08  9.999E-38  173.7  201.2    4.9    5.0    6.0    9.0   22.0   11.9   25.5
2024  7  1 183  0.00   82.0   69.3   16.0  3.070E+09  3.069E+14  8.197E+13 1.887E-08  152.9  1212  2.119E+09  3.653E+12  4.129E+08  9.999E-38  173.7  201.2    4.9    5.0    6.0    9.0   22.0   11.9   25.5
2024  7  1 183  0.00   83.0   69.3   16.0  4.674E+09  2.530E+14  6.743E+13 1.555E-08  149.0  1212  1.769E+09  3.005E+12  4.231E+08  9.999E-38  173.7  201.2    4.9    5.0    6.0    9.0   22.0   11.9   25.5
2024  7  1 183  0.00   84.0   69.3   16.0  7.674E+09  2.066E+14  5.493E+13 1.269E-08  145.8  1212  1.466E+09  2.448E+12  4.068E+08  9.999E-38  173.7  201.2    4.9    5.0    6.0    9.0   22.0   11.9   25.5
2024  7  1 183  0.00   85.0   69.3   16.0  1.359E+10  1.672E+14  4.431E+13 1.026E-08  143.5  1212  1.207E+09  1.975E+12  3.730E+08  9.999E-38  173.7  201.2    4.9    5.0    6.0    9.0   22.0   11.9   25.5
2024  7  1 183  0.00   86.0   69.3   16.0  2.596E+10  1.342E+14  3.540E+13 8.227E-09  142.2  1212  9.864E+08  1.578E+12  3.310E+08  9.999E-38  173.7  201.2    4.9    5.0    6.0    9.0   22.0   11.9   25.5
2024  7  1 183  0.00   87.0   69.3   16.0  4.896E+10  1.068E+14  2.804E+13 6.540E-09  141.8  1212  8.033E+08  1.249E+12  2.878E+08  9.999E-38  173.7  201.2    4.9    5.0    6.0    9.0   22.0   11.9   25.5
2024  7  1 183  0.00   88.0   69.3   16.0  8.465E+10  8.444E+13  2.206E+13 5.167E-09  142.4  1212  6.547E+08  9.808E+11  2.468E+08  9.999E-38  173.7  201.2    4.9    5.0    6.0    9.0   22.0   11.9   25.5
2024  7  1 183  0.00   89.0   69.3   16.0  1.354E+11  6.651E+13  1.727E+13 4.066E-09  143.8  1212  5.349E+08  7.663E+11  2.101E+08  9.999E-38  173.7  201.2    4.9    5.0    6.0    9.0   22.0   11.9   25.5
2024  7  1 183  0.00   90.0   69.3   16.0  2.022E+11  5.227E+13  1.348E+13 3.193E-09  146.1  1212  4.387E+08  5.967E+11  1.781E+08  9.999E-38  173.7  201.2    4.9    5.0    6.0    9.0   22.0   11.9   25.5
2024  7  1 183  0.00   91.0   69.3   16.0  2.833E+11  4.105E+13  1.051E+13 2.506E-09  149.0  1212  3.616E+08  4.638E+11  1.508E+08  9.999E-38  173.7  201.2    4.9    5.0    6.0    9.0   22.0   11.9   25.5
2024  7  1 183  0.00   92.0   69.3   16.0  3.745E+11  3.226E+13  8.192E+12 1.970E-09  152.8  1212  2.996E+08  3.604E+11  1.278E+08  5.730E+04  173.7  201.2    4.9    5.0    6.0    9.0   22.0   11.9   25.5
2024  7  1 183  0.00   93.0   69.3   16.0  4.677E+11  2.541E+13  6.393E+12 1.553E-09  157.2  1212  2.499E+08  2.804E+11  1.085E+08  6.379E+04  173.7  201.2    4.9    5.0    6.0    9.0   22.0   11.9   25.5
2024  7  1 183  0.00   94.0   69.3   16.0  5.508E+11  2.007E+13  5.000E+12 1.228E-09  162.2  1212  2.097E+08  2.187E+11  9.235E+07  7.038E+04  173.7  201.2    4.9    5.0    6.0    9.0   22.0   11.9   25.5
2024  7  1 183  0.00   95.0   69.3   16.0  6.089E+11  1.592E+13  3.920E+12 9.762E-10  168.0  1212  1.772E+08  1.710E+11  7.872E+07  7.719E+04  173.7  201.2    4.9    5.0    6.0    9.0   22.0   11.9   25.5
2024  7  1 183  0.00   96.0   69.3   16.0  6.278E+11  1.268E+13  3.082E+12 7.792E-10  174.3  1212  1.508E+08  1.340E+11  6.715E+07  8.448E+04  173.7  201.2    4.9    5.0    6.0    9.0   22.0   11.9   25.5
2024  7  1 183  0.00   97.0   69.3   16.0  5.982E+11  1.015E+13  2.431E+12 6.243E-10  181.4  1212  1.292E+08  1.052E+11  5.732E+07  9.241E+04  173.7  201.2    4.9    5.0    6.0    9.0   22.0   11.9   25.5
2024  7  1 183  0.00   98.0   69.3   16.0  5.246E+11  8.174E+12  1.925E+12 5.020E-10  189.0  1212  1.114E+08  8.294E+10  4.898E+07  1.012E+05  173.7  201.2    4.9    5.0    6.0    9.0   22.0   11.9   25.5
2024  7  1 183  0.00   99.0   69.3   16.0  4.258E+11  6.621E+12  1.531E+12 4.050E-10  197.3  1212  9.670E+07  6.565E+10  4.191E+07  1.110E+05  173.7  201.2    4.9    5.0    6.0    9.0   22.0   11.9   25.5
2024  7  1 183  0.00  100.0   69.3   16.0  3.258E+11  5.397E+12  1.223E+12 3.282E-10  206.1  1212  8.452E+07  5.222E+10  3.592E+07  1.222E+05  173.7  201.2    4.9    5.0    6.0    9.0   22.0   11.9   25.5
2024  7  1 183  0.00  101.0   69.3   16.0  2.420E+11  4.430E+12  9.819E+11 2.674E-10  215.3  1212  7.439E+07  4.176E+10  3.086E+07  1.350E+05  173.7  201.2    4.9    5.0    6.0    9.0   22.0   11.9   25.5
2024  7  1 183  0.00  102.0   69.3   16.0  1.797E+11  3.663E+12  7.927E+11 2.195E-10  224.8  1212  6.595E+07  3.360E+10  2.658E+07  1.499E+05  173.7  201.2    4.9    5.0    6.0    9.0   22.0   11.9   25.5
2024  7  1 183  0.00  103.0   69.3   16.0  1.366E+11  3.052E+12  6.440E+11 1.816E-10  234.3  1212  5.892E+07  2.722E+10  2.299E+07  1.675E+05  173.7  201.2    4.9    5.0    6.0    9.0   22.0   11.9   25.5
2024  7  1 183  0.00  104.0   69.3   16.0  1.077E+11  2.565E+12  5.266E+11 1.516E-10  243.6  1212  5.307E+07  2.222E+10  1.998E+07  1.882E+05  173.7  201.2    4.9    5.0    6.0    9.0   22.0   11.9   25.5
2024  7  1 183  0.00  105.0   69.3   16.0  8.838E+10  2.173E+12  4.338E+11 1.277E-10  252.4  1212  4.823E+07  1.829E+10  1.746E+07  2.126E+05  173.7  201.2    4.9    5.0    6.0    9.0   22.0   11.9   25.5
2024  7  1 183  0.00  106.0   69.3   16.0  7.519E+10  1.857E+12  3.597E+11 1.085E-10  260.6  1212  4.420E+07  1.518E+10  1.535E+07  2.413E+05  173.7  201.2    4.9    5.0    6.0    9.0   22.0   11.9   25.5
2024  7  1 183  0.00  107.0   69.3   16.0  6.593E+10  1.597E+12  3.001E+11 9.282E-11  268.2  1212  4.081E+07  1.268E+10  1.358E+07  2.749E+05  173.7  201.2    4.9    5.0    6.0    9.0   22.0   11.9   25.5
2024  7  1 183  0.00  108.0   69.3   16.0  5.921E+10  1.382E+12  2.515E+11 7.993E-11  275.3  1212  3.785E+07  1.066E+10  1.205E+07  3.140E+05  173.7  201.2    4.9    5.0    6.0    9.0   22.0   11.9   25.5
2024  7  1 183  0.00  109.0   69.3   16.0  5.412E+10  1.202E+12  2.117E+11 6.920E-11  282.0  1212  3.525E+07  9.001E+09  1.073E+07  3.593E+05  173.7  201.2    4.9    5.0    6.0    9.0   22.0   11.9   25.5
2024  7  1 183  0.00  110.0   69.3   16.0  5.009E+10  1.050E+12  1.788E+11 6.018E-11  288.4  1212  3.292E+07  7.633E+09  9.570E+06  4.114E+05  173.7  201.2    4.9    5.0    6.0    9.0   22.0   11.9   25.5
2024  7  1 183  0.00  111.0   69.3   16.0  4.676E+10  9.201E+11  1.514E+11 5.252E-11  294.8  1212  3.082E+07  6.492E+09  8.554E+06  4.707E+05  173.7  201.2    4.9    5.0    6.0    9.0   22.0   11.9   25.5
2024  7  1 183  0.00  112.0   69.3   16.0  4.389E+10  8.082E+11  1.284E+11 4.595E-11  301.4  1212  2.889E+07  5.534E+09  7.656E+06  5.378E+05  173.7  201.2    4.9    5.0    6.0    9.0   22.0   11.9   25.5
2024  7  1 183  0.00  113.0   69.3   16.0  4.129E+10  7.110E+11  1.091E+11 4.028E-11  308.4  1212  2.711E+07  4.724E+09  6.857E+06  6.128E+05  173.7  201.2    4.9    5.0    6.0    9.0   22.0   11.9   25.5
2024  7  1 183  0.00  114.0   69.3   16.0  3.887E+10  6.258E+11  9.266E+10 3.533E-11  316.1  1212  2.543E+07  4.034E+09  6.141E+06  6.957E+05  173.7  201.2    4.9    5.0    6.0    9.0   22.0   11.9   25.5
2024  7  1 183  0.00  115.0   69.3   16.0  3.656E+10  5.508E+11  7.869E+10 3.100E-11  325.0  1212  2.383E+07  3.445E+09  5.495E+06  7.859E+05  173.7  201.2    4.9    5.0    6.0    9.0   22.0   11.9   25.5
2024  7  1 183  0.00  116.0   69.3   16.0  3.432E+10  4.847E+11  6.682E+10 2.720E-11  335.1  1212  2.230E+07  2.942E+09  4.912E+06  8.833E+05  173.7  201.2    4.9    5.0    6.0    9.0   22.0   11.9   25.5
2024  7  1 183  0.00  117.0   69.3   16.0  3.217E+10  4.267E+11  5.676E+10 2.388E-11  346.6  1212  2.085E+07  2.514E+09  4.388E+06  9.881E+05  173.7  201.2    4.9    5.0    6.0    9.0   22.0   11.9   25.5
2024  7  1 183  0.00  118.0   69.3   16.0  3.011E+10  3.759E+11  4.826E+10 2.099E-11  359.2  1212  1.946E+07  2.150E+09  3.919E+06  1.100E+06  173.7  201.2    4.9    5.0    6.0    9.0   22.0   11.9   25.5
2024  7  1 183  0.00  119.0   69.3   16.0  2.815E+10  3.316E+11  4.110E+10 1.848E-11  373.2  1212  1.815E+07  1.842E+09  3.500E+06  1.220E+06  173.7  201.2    4.9    5.0    6.0    9.0   22.0   11.9   25.5
2024  7  1 183  0.00  120.0   69.3   16.0  2.629E+10  2.929E+11  3.507E+10 1.629E-11  388.3  1212  1.690E+07  1.582E+09  3.127E+06  1.348E+06  173.7  201.2    4.9    5.0    6.0    9.0   22.0   11.9   25.5
2024  7  1 183  0.00  121.0   69.3   16.0  2.456E+10  2.594E+11  3.001E+10 1.440E-11  404.6  1212  1.574E+07  1.362E+09  2.795E+06  1.485E+06  173.7  201.2    4.9    5.0    6.0    9.0   22.0   11.9   25.5
2024  7  1 183  0.00  122.0   69.3   16.0  2.294E+10  2.303E+11  2.576E+10 1.277E-11  421.8  1212  1.466E+07  1.177E+09  2.500E+06  1.631E+06  173.7  201.2    4.9    5.0    6.0    9.0   22.0   11.9   25.5
2024  7  1 183  0.00  123.0   69.3   16.0  2.145E+10  2.051E+11  2.219E+10 1.136E-11  439.7  1212  1.366E+07  1.020E+09  2.239E+06  1.787E+06  173.7  201.2    4.9    5.0    6.0    9.0   22.0   11.9   25.5
2024  7  1 183  0.00  124.0   69.3   16.0  2.008E+10  1.834E+11  1.921E+10 1.015E-11  458.0  1212  1.276E+07  8.892E+08  2.010E+06  1.955E+06  173.7  201.2    4.9    5.0    6.0    9.0   22.0   11.9   25.5
2024  7  1 183  0.00  125.0   69.3   16.0  1.884E+10  1.648E+11  1.671E+10 9.105E-12  476.1  1212  1.194E+07  7.792E+08  1.810E+06  2.137E+06  173.7  201.2    4.9    5.0    6.0    9.0   22.0   11.9   25.5
2024  7  1 183  0.00  126.0   69.3   16.0  1.773E+10  1.487E+11  1.462E+10 8.212E-12  493.9  1212  1.121E+07  6.866E+08  1.635E+06  2.335E+06  173.7  201.2    4.9    5.0    6.0    9.0   22.0   11.9   25.5
2024  7  1 183  0.00  127.0   69.3   16.0  1.672E+10  1.349E+11  1.285E+10 7.441E-12  511.2  1212  1.055E+07  6.082E+08  1.482E+06  2.549E+06  173.7  201.2    4.9    5.0    6.0    9.0   22.0   11.9   25.5
2024  7  1 183  0.00  128.0   69.3   16.0  1.580E+10  1.228E+11  1.135E+10 6.771E-12  528.1  1212  9.957E+06  5.413E+08  1.348E+06  2.780E+06  173.7  201.2    4.9    5.0    6.0    9.0   22.0   11.9   25.5
2024  7  1 183  0.00  129.0   69.3   16.0  1.496E+10  1.122E+11  1.007E+10 6.184E-12  544.6  1212  9.418E+06  4.838E+08  1.229E+06  3.028E+06  173.7  201.2    4.9    5.0    6.0    9.0   22.0   11.9   25.5
2024  7  1 183  0.00  130.0   69.3   16.0  1.419E+10  1.029E+11  8.963E+09 5.668E-12  560.7  1212  8.928E+06  4.341E+08  1.124E+06  3.295E+06  173.7  201.2    4.9    5.0    6.0    9.0   22.0   11.9   25.5
2024  7  1 183  0.00  131.0   69.3   16.0  1.348E+10  9.464E+10  8.010E+09 5.212E-12  576.4  1212  8.481E+06  3.910E+08  1.030E+06  3.581E+06  173.7  201.2    4.9    5.0    6.0    9.0   22.0   11.9   25.5
2024  7  1 183  0.00  132.0   69.3   16.0  1.283E+10  8.731E+10  7.182E+09 4.807E-12  591.7  1212  8.071E+06  3.533E+08  9.464E+05  3.886E+06  173.7  201.2    4.9    5.0    6.0    9.0   22.0   11.9   25.5
2024  7  1 183  0.00  133.0   69.3   16.0  1.223E+10  8.076E+10  6.461E+09 4.446E-12  606.7  1212  7.694E+06  3.202E+08  8.715E+05  4.212E+06  173.7  201.2    4.9    5.0    6.0    9.0   22.0   11.9   25.5
2024  7  1 183  0.00  134.0   69.3   16.0  1.167E+10  7.489E+10  5.828E+09 4.123E-12  621.3  1212  7.346E+06  2.910E+08  8.042E+05  4.557E+06  173.7  201.2    4.9    5.0    6.0    9.0   22.0   11.9   25.5
2024  7  1 183  0.00  135.0   69.3   16.0  1.115E+10  6.960E+10  5.273E+09 3.832E-12  635.5  1212  7.025E+06  2.653E+08  7.435E+05  4.924E+06  173.7  201.2    4.9    5.0    6.0    9.0   22.0   11.9   25.5
2024  7  1 183  0.00  136.0   69.3   16.0  1.066E+10  6.483E+10  4.782E+09 3.569E-12  649.4  1212  6.727E+06  2.424E+08  6.888E+05  5.312E+06  173.7  201.2    4.9    5.0    6.0    9.0   22.0   11.9   25.5
2024  7  1 183  0.00  137.0   69.3   16.0  1.021E+10  6.051E+10  4.348E+09 3.332E-12  662.9  1212  6.450E+06  2.219E+08  6.392E+05  5.722E+06  173.7  201.2    4.9    5.0    6.0    9.0   22.0   11.9   25.5
2024  7  1 183  0.00  138.0   69.3   16.0  9.791E+09  5.658E+10  3.963E+09 3.116E-12  676.1  1212  6.193E+06  2.037E+08  5.942E+05  6.154E+06  173.7  201.2    4.9    5.0    6.0    9.0   22.0   11.9   25.5
2024  7  1 183  0.00  139.0   69.3   16.0  9.397E+09  5.300E+10  3.619E+09 2.920E-12  689.0  1212  5.953E+06  1.873E+08  5.532E+05  6.608E+06  173.7  201.2    4.9    5.0    6.0    9.0   22.0   11.9   25.5
2024  7  1 183  0.00  140.0   69.3   16.0  9.027E+09  4.973E+10  3.313E+09 2.741E-12  701.6  1212  5.729E+06  1.726E+08  5.159E+05  7.085E+06  173.7  201.2    4.9    5.0    6.0    9.0   22.0   11.9   25.5
2024  7  1 183  0.00  141.0   69.3   16.0  8.680E+09  4.674E+10  3.038E+09 2.577E-12  713.8  1212  5.518E+06  1.593E+08  4.818E+05  7.583E+06  173.7  201.2    4.9    5.0    6.0    9.0   22.0   11.9   25.5
2024  7  1 183  0.00  142.0   69.3   16.0  8.354E+09  4.399E+10  2.792E+09 2.426E-12  725.8  1212  5.321E+06  1.473E+08  4.506E+05  8.104E+06  173.7  201.2    4.9    5.0    6.0    9.0   22.0   11.9   25.5
2024  7  1 183  0.00  143.0   69.3   16.0  8.047E+09  4.146E+10  2.570E+09 2.288E-12  737.5  1212  5.136E+06  1.364E+08  4.220E+05  8.647E+06  173.7  201.2    4.9    5.0    6.0    9.0   22.0   11.9   25.5
2024  7  1 183  0.00  144.0   69.3   16.0  7.758E+09  3.912E+10  2.370E+09 2.161E-12  748.9  1212  4.962E+06  1.265E+08  3.958E+05  9.211E+06  173.7  201.2    4.9    5.0    6.0    9.0   22.0   11.9   25.5
2024  7  1 183  0.00  145.0   69.3   16.0  7.484E+09  3.697E+10  2.189E+09 2.043E-12  760.0  1212  4.798E+06  1.176E+08  3.716E+05  9.794E+06  173.7  201.2    4.9    5.0    6.0    9.0   22.0   11.9   25.5
2024  7  1 183  0.00  146.0   69.3   16.0  7.225E+09  3.497E+10  2.025E+09 1.934E-12  770.8  1212  4.644E+06  1.094E+08  3.494E+05  1.040E+07  173.7  201.2    4.9    5.0    6.0    9.0   22.0   11.9   25.5
2024  7  1 183  0.00  147.0   69.3   16.0  6.979E+09  3.312E+10  1.877E+09 1.833E-12  781.4  1212  4.498E+06  1.019E+08  3.289E+05  1.102E+07  173.7  201.2    4.9    5.0    6.0    9.0   22.0   11.9   25.5
2024  7  1 183  0.00  148.0   69.3   16.0  6.745E+09  3.140E+10  1.742E+09 1.739E-12  791.8  1212  4.360E+06  9.504E+07  3.100E+05  1.166E+07  173.7  201.2    4.9    5.0    6.0    9.0   22.0   11.9   25.5
2024  7  1 183  0.00  149.0   69.3   16.0  6.524E+09  2.980E+10  1.618E+09 1.652E-12  801.8  1212  4.229E+06  8.877E+07  2.925E+05  1.231E+07  173.7  201.2    4.9    5.0    6.0    9.0   22.0   11.9   25.5
2024  7  1 183  0.00  150.0   69.3   16.0  6.313E+09  2.831E+10  1.506E+09 1.570E-12  811.7  1212  4.105E+06  8.300E+07  2.763E+05  1.298E+07  173.7  201.2    4.9    5.0    6.0    9.0   22.0   11.9   25.5
2024  7  1 183  0.00  151.0   69.3   16.0  6.112E+09  2.691E+10  1.403E+09 1.494E-12  821.3  1212  3.988E+06  7.769E+07  2.614E+05  1.366E+07  173.7  201.2    4.9    5.0    6.0    9.0   22.0   11.9   25.5
2024  7  1 183  0.00  152.0   69.3   16.0  5.921E+09  2.561E+10  1.309E+09 1.423E-12  830.6  1212  3.876E+06  7.280E+07  2.475E+05  1.435E+07  173.7  201.2    4.9    5.0    6.0    9.0   22.0   11.9   25.5
2024  7  1 183  0.00  153.0   69.3   16.0  5.739E+09  2.439E+10  1.223E+09 1.357E-12  839.7  1212  3.770E+06  6.828E+07  2.345E+05  1.506E+07  173.7  201.2    4.9    5.0    6.0    9.0   22.0   11.9   25.5
2024  7  1 183  0.00  154.0   69.3   16.0  5.565E+09  2.325E+10  1.144E+09 1.295E-12  848.7  1212  3.669E+06  6.411E+07  2.225E+05  1.577E+07  173.7  201.2    4.9    5.0    6.0    9.0   22.0   11.9   25.5
2024  7  1 183  0.00  155.0   69.3   16.0  5.399E+09  2.218E+10  1.071E+09 1.237E-12  857.4  1212  3.574E+06  6.024E+07  2.114E+05  1.649E+07  173.7  201.2    4.9    5.0    6.0    9.0   22.0   11.9   25.5
2024  7  1 183  0.00  156.0   69.3   16.0  5.241E+09  2.117E+10  1.004E+09 1.182E-12  865.8  1212  3.482E+06  5.666E+07  2.010E+05  1.721E+07  173.7  201.2    4.9    5.0    6.0    9.0   22.0   11.9   25.5
2024  7  1 183  0.00  157.0   69.3   16.0  5.089E+09  2.023E+10  9.418E+08 1.130E-12  874.1  1212  3.395E+06  5.334E+07  1.913E+05  1.794E+07  173.7  201.2    4.9    5.0    6.0    9.0   22.0   11.9   25.5
2024  7  1 183  0.00  158.0   69.3   16.0  4.944E+09  1.933E+10  8.846E+08 1.082E-12  882.2  1212  3.312E+06  5.025E+07  1.823E+05  1.867E+07  173.7  201.2    4.9    5.0    6.0    9.0   22.0   11.9   25.5
2024  7  1 183  0.00  159.0   69.3   16.0  4.805E+09  1.849E+10  8.318E+08 1.036E-12  890.1  1212  3.233E+06  4.737E+07  1.738E+05  1.939E+07  173.7  201.2    4.9    5.0    6.0    9.0   22.0   11.9   25.5
2024  7  1 183  0.00  160.0   69.3   16.0  4.672E+09  1.770E+10  7.829E+08 9.925E-13  897.8  1212  3.157E+06  4.469E+07  1.660E+05  2.012E+07  173.7  201.2    4.9    5.0    6.0    9.0   22.0   11.9   25.5
2024  7  1 183  0.00  161.0   69.3   16.0  4.544E+09  1.695E+10  7.376E+08 9.517E-13  905.3  1212  3.085E+06  4.220E+07  1.586E+05  2.083E+07  173.7  201.2    4.9    5.0    6.0    9.0   22.0   11.9   25.5
2024  7  1 183  0.00  162.0   69.3   16.0  4.422E+09  1.624E+10  6.955E+08 9.131E-13  912.6  1212  3.015E+06  3.987E+07  1.517E+05  2.154E+07  173.7  201.2    4.9    5.0    6.0    9.0   22.0   11.9   25.5
2024  7  1 183  0.00  163.0   69.3   16.0  4.305E+09  1.557E+10  6.565E+08 8.766E-13  919.8  1212  2.949E+06  3.769E+07  1.453E+05  2.225E+07  173.7  201.2    4.9    5.0    6.0    9.0   22.0   11.9   25.5
2024  7  1 183  0.00  164.0   69.3   16.0  4.192E+09  1.494E+10  6.201E+08 8.420E-13  926.7  1212  2.886E+06  3.565E+07  1.392E+05  2.294E+07  173.7  201.2    4.9    5.0    6.0    9.0   22.0   11.9   25.5
2024  7  1 183  0.00  165.0   69.3   16.0  4.083E+09  1.433E+10  5.863E+08 8.092E-13  933.5  1212  2.825E+06  3.374E+07  1.336E+05  2.361E+07  173.7  201.2    4.9    5.0    6.0    9.0   22.0   11.9   25.5
2024  7  1 183  0.00  166.0   69.3   16.0  3.979E+09  1.376E+10  5.548E+08 7.781E-13  940.2  1212  2.767E+06  3.196E+07  1.282E+05  2.427E+07  173.7  201.2    4.9    5.0    6.0    9.0   22.0   11.9   25.5
2024  7  1 183  0.00  167.0   69.3   16.0  3.878E+09  1.322E+10  5.254E+08 7.486E-13  946.7  1212  2.711E+06  3.028E+07  1.232E+05  2.492E+07  173.7  201.2    4.9    5.0    6.0    9.0   22.0   11.9   25.5
2024  7  1 183  0.00  168.0   69.3   16.0  3.782E+09  1.271E+10  4.980E+08 7.205E-13  953.0  1212  2.658E+06  2.871E+07  1.185E+05  2.555E+07  173.7  201.2    4.9    5.0    6.0    9.0   22.0   11.9   25.5
2024  7  1 183  0.00  169.0   69.3   16.0  3.688E+09  1.222E+10  4.723E+08 6.938E-13  959.2  1212  2.606E+06  2.723E+07  1.141E+05  2.616E+07  173.7  201.2    4.9    5.0    6.0    9.0   22.0   11.9   25.5
2024  7  1 183  0.00  170.0   69.3   16.0  3.598E+09  1.175E+10  4.483E+08 6.683E-13  965.2  1212  2.557E+06  2.584E+07  1.100E+05  2.674E+07  173.7  201.2    4.9    5.0    6.0    9.0   22.0   11.9   25.5
2024  7  1 183  0.00  171.0   69.3   16.0  3.512E+09  1.131E+10  4.258E+08 6.441E-13  971.1  1212  2.510E+06  2.454E+07  1.061E+05  2.731E+07  173.7  201.2    4.9    5.0    6.0    9.0   22.0   11.9   25.5
2024  7  1 183  0.00  172.0   69.3   16.0  3.428E+09  1.088E+10  4.047E+08 6.210E-13  976.8  1212  2.464E+06  2.331E+07  1.024E+05  2.785E+07  173.7  201.2    4.9    5.0    6.0    9.0   22.0   11.9   25.5
2024  7  1 183  0.00  173.0   69.3   16.0  3.348E+09  1.048E+10  3.849E+08 5.990E-13  982.4  1212  2.421E+06  2.215E+07  9.894E+04  2.837E+07  173.7  201.2    4.9    5.0    6.0    9.0   22.0   11.9   25.5
2024  7  1 183  0.00  174.0   69.3   16.0  3.270E+09  1.009E+10  3.664E+08 5.780E-13  987.9  1212  2.379E+06  2.106E+07  9.567E+04  2.886E+07  173.7  201.2    4.9    5.0    6.0    9.0   22.0   11.9   25.5
2024  7  1 183  0.00  175.0   69.3   16.0  3.194E+09  9.728E+09  3.489E+08 5.579E-13  993.2  1212  2.338E+06  2.003E+07  9.259E+04  2.933E+07  173.7  201.2    4.9    5.0    6.0    9.0   22.0   11.9   25.5
2024  7  1 183  0.00  176.0   69.3   16.0  3.121E+09  9.377E+09  3.325E+08 5.388E-13  998.4  1212  2.299E+06  1.906E+07  8.968E+04  2.977E+07  173.7  201.2    4.9    5.0    6.0    9.0   22.0   11.9   25.5
2024  7  1 183  0.00  177.0   69.3   16.0  3.051E+09  9.042E+09  3.171E+08 5.204E-13 1003.5  1212  2.262E+06  1.814E+07  8.693E+04  3.019E+07  173.7  201.2    4.9    5.0    6.0    9.0   22.0   11.9   25.5
2024  7  1 183  0.00  178.0   69.3   16.0  2.983E+09  8.722E+09  3.025E+08 5.029E-13 1008.4  1212  2.226E+06  1.727E+07  8.433E+04  3.057E+07  173.7  201.2    4.9    5.0    6.0    9.0   22.0   11.9   25.5
2024  7  1 183  0.00  179.0   69.3   16.0  2.917E+09  8.415E+09  2.888E+08 4.861E-13 1013.3  1212  2.191E+06  1.646E+07  8.187E+04  3.093E+07  173.7  201.2    4.9    5.0    6.0    9.0   22.0   11.9   25.5
2024  7  1 183  0.00  180.0   69.3   16.0  2.853E+09  8.122E+09  2.758E+08 4.700E-13 1018.0  1212  2.158E+06  1.568E+07  7.954E+04  3.126E+07  173.7  201.2    4.9    5.0    6.0    9.0   22.0   11.9   25.5
2024  7  1 183  0.00  181.0   69.3   16.0  2.791E+09  7.841E+09  2.636E+08 4.546E-13 1022.6  1212  2.125E+06  1.495E+07  7.734E+04  3.157E+07  173.7  201.2    4.9    5.0    6.0    9.0   22.0   11.9   25.5
2024  7  1 183  0.00  182.0   69.3   16.0  2.731E+09  7.572E+09  2.520E+08 4.399E-13 1027.1  1212  2.094E+06  1.425E+07  7.526E+04  3.184E+07  173.7  201.2    4.9    5.0    6.0    9.0   22.0   11.9   25.5
2024  7  1 183  0.00  183.0   69.3   16.0  2.673E+09  7.314E+09  2.411E+08 4.257E-13 1031.5  1212  2.064E+06  1.359E+07  7.328E+04  3.209E+07  173.7  201.2    4.9    5.0    6.0    9.0   22.0   11.9   25.5
2024  7  1 183  0.00  184.0   69.3   16.0  2.616E+09  7.066E+09  2.307E+08 4.121E-13 1035.8  1212  2.035E+06  1.297E+07  7.141E+04  3.232E+07  173.7  201.2    4.9    5.0    6.0    9.0   22.0   11.9   25.5
2024  7  1 183  0.00  185.0   69.3   16.0  2.561E+09  6.829E+09  2.209E+08 3.991E-13 1040.0  1212  2.007E+06  1.238E+07  6.963E+04  3.251E+07  173.7  201.2    4.9    5.0    6.0    9.0   22.0   11.9   25.5
2024  7  1 183  0.00  186.0   69.3   16.0  2.508E+09  6.601E+09  2.116E+08 3.865E-13 1044.0  1212  1.980E+06  1.182E+07  6.794E+04  3.268E+07  173.7  201.2    4.9    5.0    6.0    9.0   22.0   11.9   25.5
2024  7  1 183  0.00  187.0   69.3   16.0  2.456E+09  6.383E+09  2.028E+08 3.745E-13 1048.0  1212  1.954E+06  1.128E+07  6.634E+04  3.283E+07  173.7  201.2    4.9    5.0    6.0    9.0   22.0   11.9   25.5
2024  7  1 183  0.00  188.0   69.3   16.0  2.406E+09  6.173E+09  1.945E+08 3.629E-13 1051.9  1212  1.928E+06  1.078E+07  6.482E+04  3.295E+07  173.7  201.2    4.9    5.0    6.0    9.0   22.0   11.9   25.5
2024  7  1 183  0.00  189.0   69.3   16.0  2.357E+09  5.971E+09  1.865E+08 3.518E-13 1055.7  1212  1.904E+06  1.030E+07  6.338E+04  3.304E+07  173.7  201.2    4.9    5.0    6.0    9.0   22.0   11.9   25.5
2024  7  1 183  0.00  190.0   69.3   16.0  2.310E+09  5.777E+09  1.790E+08 3.410E-13 1059.4  1212  1.880E+06  9.839E+06  6.200E+04  3.312E+07  173.7  201.2    4.9    5.0    6.0    9.0   22.0   11.9   25.5
2024  7  1 183  0.00  191.0   69.3   16.0  2.264E+09  5.591E+09  1.718E+08 3.307E-13 1063.0  1212  1.857E+06  9.405E+06  6.069E+04  3.317E+07  173.7  201.2    4.9    5.0    6.0    9.0   22.0   11.9   25.5
2024  7  1 183  0.00  192.0   69.3   16.0  2.219E+09  5.411E+09  1.650E+08 3.208E-13 1066.5  1212  1.835E+06  8.992E+06  5.945E+04  3.319E+07  173.7  201.2    4.9    5.0    6.0    9.0   22.0   11.9   25.5
2024  7  1 183  0.00  193.0   69.3   16.0  2.175E+09  5.239E+09  1.585E+08 3.113E-13 1070.0  1212  1.814E+06  8.600E+06  5.826E+04  3.320E+07  173.7  201.2    4.9    5.0    6.0    9.0   22.0   11.9   25.5
2024  7  1 183  0.00  194.0   69.3   16.0  2.133E+09  5.072E+09  1.523E+08 3.020E-13 1073.4  1212  1.793E+06  8.226E+06  5.713E+04  3.318E+07  173.7  201.2    4.9    5.0    6.0    9.0   22.0   11.9   25.5
2024  7  1 183  0.00  195.0   69.3   16.0  2.091E+09  4.912E+09  1.464E+08 2.932E-13 1076.6  1212  1.773E+06  7.870E+06  5.606E+04  3.315E+07  173.7  201.2    4.9    5.0    6.0    9.0   22.0   11.9   25.5
2024  7  1 183  0.00  196.0   69.3   16.0  2.051E+09  4.758E+09  1.408E+08 2.846E-13 1079.8  1212  1.753E+06  7.531E+06  5.503E+04  3.310E+07  173.7  201.2    4.9    5.0    6.0    9.0   22.0   11.9   25.5
2024  7  1 183  0.00  197.0   69.3   16.0  2.012E+09  4.610E+09  1.354E+08 2.763E-13 1083.0  1212  1.734E+06  7.209E+06  5.405E+04  3.303E+07  173.7  201.2    4.9    5.0    6.0    9.0   22.0   11.9   25.5
2024  7  1 183  0.00  198.0   69.3   16.0  1.974E+09  4.467E+09  1.303E+08 2.684E-13 1086.0  1212  1.716E+06  6.901E+06  5.312E+04  3.294E+07  173.7  201.2    4.9    5.0    6.0    9.0   22.0   11.9   25.5
2024  7  1 183  0.00  199.0   69.3   16.0  1.936E+09  4.329E+09  1.254E+08 2.607E-13 1089.0  1212  1.698E+06  6.608E+06  5.223E+04  3.284E+07  173.7  201.2    4.9    5.0    6.0    9.0   22.0   11.9   25.5
